               10
      5                  20
3          8        15         25

red    10,5,3,8,20,15,25
erd    3,5,8,10,15,20,25
edr    3,5,8,15,20,25,10

               10
      5                  13
-          8        11        -               

10, 5, 8, 13, 11
erd    5,8,10,11,13


               5
      -                7
-          -         -       9 
      -          -        -        14
-          -        -          -          16

5, 7, 9, 14, 16
erd  5,7,9,14,16



                      (50)
          (17)                    (76)

    (9)          (23)        (54)        (-) 

(-)      (14)     (19)    (-)      (72)         


    (12)      -    -    -      67        -


red    50,17,9,14,12,23,19,76,54,72,67
erd    9,12,14,17,19,23,50,54,67,72,76
edr    12,14,9,19,23,17,67,72,54,76,50



                      (2)
          (7)                        (5)

    (2)              (6)        (-)        (9) 

(-)      (5)     (11)       (-)      (4)         

red    2,7,2,6,5,11,5,9,4                    
erd    2,7,5,6,11,2,5,9,4
edr    


